Pos	Sample	Type	Batch	Patient	Cancer	Run	purity	purityrank	Good
110	GX001-TF	TF	1	1	1	2	0.370399781	1	1
93	GX001-TO	TO	2	1	1	1	0.86923172	1	1
109	GX006-T2F	T2F	1	2	1	2	0.334113405	0	1
14	GX006-T2O	T2O	2	2	1	1	0.902505414	1	1
4	GX012-TF	TF	1	3	1	1	0.440206227	1	1
5	GX012-TO	TO	2	3	1	1	0.932913781	1	1
52	GX021-TF	TF	1	4	1	1	0.611179456	1	1
54	GX021-TO	TO	2	4	1	1	0.838332975	1	1
105	GX022-TF	TF	1	5	1	2	0.28846657	0	0
2	GX022-TO	TO	2	5	1	1	0.954545266	1	0
104	GX023-TdysF	TdysF	1	6	1	2	0.571430122	1	1
76	GX023-TdysO	TdysO	2	6	1	1	0.852362122	1	1
75	GX023-TF	TF	1	7	1	1	0.742312555	1	1
61	GX023-TO	TO	2	7	1	1	0.937752844	1	1
29	GX024-TF	TF	1	8	1	1	0.435066796	1	1
21	GX024-TO	TO	2	8	1	1	0.93374624	1	1
123	GX025-TF	TF	1	9	1	2	0.309568805	0	0
10	GX025-TO	TO	2	9	1	1	0.882209564	1	0
59	GX026-TF	TF	1	10	1	1	0.377308769	1	0
63	GX026-TO	TO	2	10	1	1	0.937539273	1	0
49	GX030-TF	TF	1	11	1	1	0.386127903	1	1
67	GX030-TO	TO	2	11	1	1	0.956412764	1	1
71	GX032-TF	TF	1	12	1	1	0.415002548	1	0
60	GX032-TO	TO	2	12	1	1	0.937865653	1	0
69	GX034-LNF	LNF	1	13	1	1	0.554657516	1	1
50	GX034-LNO	LNO	2	13	1	1	0.904007879	1	1
57	GX034-TF	TF	1	13	1	1	0.304838507	0	1
74	GX034-TO	TO	2	13	1	1	0.910895073	1	1
106	GX036-T2F	T2F	1	14	1	2	0.354049238	0	0
34	GX036-T2O	T2O	2	14	1	1	0.95942001	1	0
30	GX036-TF	TF	1	14	1	1	0.3	0	0
12	GX036-TO	TO	2	14	1	1	0.981295318	1	0
113	GX041-T2F	T2F	1	15	1	2	0.644447772	1	0
72	GX041-T2O	T2O	2	15	1	1	0.65126831	1	0
73	GX041-TF	TF	1	15	1	1	0.66779734	1	0
65	GX041-TO	TO	2	15	1	1	0.959502871	1	0
111	GX044-TF	TF	1	16	1	2	0.3	0	0
56	GX044-TO	TO	2	16	1	1	0.434182914	1	0
101	GX046-TF	TF	1	17	1	2	0.272071648	0	0
35	GX046-TO	TO	2	17	1	1	0.950317207	1	0
32	GX048-TF	TF	1	18	1	1	0.544883782	1	1
36	GX048-TO	TO	2	18	1	1	0.90168303	1	1
66	GX049-TF	TF	1	19	1	1	0.642642695	1	1
51	GX049-TO	TO	2	19	1	1	0.774560764	1	1
77	GX052-TF	TF	1	20	1	1	0.3	0	0
8	GX052-TO	TO	2	20	1	1	0.928802077	1	0
112	GX054-T2F	T2F	1	21	1	2	0.376966876	1	1
27	GX054-T2O	T2O	2	21	1	1	0.94016402	1	1
23	GX054-TF	TF	1	21	1	1	0.376241137	1	1
20	GX054-TO	TO	2	21	1	1	0.922215134	1	1
100	GX056-T2F	T2F	1	22	1	2	0.538542037	1	1
39	GX056-T2O	T2O	2	22	1	1	0.938575312	1	1
41	GX056-TF	TF	1	22	1	1	0.451954171	1	1
44	GX056-TO	TO	2	22	1	1	0.935788711	1	1
117	GX057-TF	TF	1	23	1	2	0.223311132	0	0
43	GX057-TO	TO	2	23	1	1	0.893908402	1	0
124	GX058-TF	TF	1	24	1	2	0.29945802	0	0
28	GX058-TO	TO	2	24	1	1	0.837753302	1	0
121	GX059-TF	TF	1	25	1	2	0.360315838	0	0
45	GX059-TO	TO	2	25	1	1	0.913435271	1	0
102	GX060-T2F	T2F	1	26	1	2	0.265398591	0	0
38	GX060-T2O	T2O	2	26	1	1	0.831893999	1	0
128	GX060-TF	TF	1	26	1	2	0.183712832	0	0
37	GX060-TO	TO	2	26	1	1	0.883146893	1	0
114	GX061-T2F	T2F	1	27	1	2	0.320227747	0	0
26	GX061-T2O	T2O	2	27	1	1	0.866720956	1	0
120	GX061-TF	TF	1	27	1	2	0.335725506	0	0
19	GX061-TO	TO	2	27	1	1	0.908454832	1	0
118	GX062-T2F	T2F	1	28	1	2	0.479625584	1	0
99	GX062-T2O	T2O	2	28	1	1	0.907501234	1	0
48	GX062-TF	TF	1	28	1	1	0.507416364	1	0
98	GX062-TO	TO	2	28	1	1	0.857388929	1	0
126	GX066-TF	TF	1	29	1	2	0.215039529	0	0
80	GX066-TO	TO	2	29	1	1	0.869316521	1	0
130	GX068-T2F	T2F	1	30	1	2	0.47758793	1	1
91	GX068-T2O	T2O	2	30	1	1	0.861129394	1	1
90	GX068-TF	TF	1	31	1	1	0.488743405	1	0
89	GX068-TO	TO	2	31	1	1	0.785949866	1	0
92	GX069-TF	TF	1	32	1	1	0.17460132	0	0
79	GX069-TO	TO	2	32	1	1	0.862460103	1	0
46	GX072-TF	TF	1	33	1	1	0.679423555	1	1
97	GX072-TO	TO	2	33	1	1	0.873389064	1	1
